{
 "cells": [
  {
   "cell_type": "code",
   "execution_count": 1,
   "id": "8a9ef11e-9567-4355-8a99-3eaac5eb6b00",
   "metadata": {},
   "outputs": [
    {
     "data": {
      "text/html": [
       "<div>\n",
       "<style scoped>\n",
       "    .dataframe tbody tr th:only-of-type {\n",
       "        vertical-align: middle;\n",
       "    }\n",
       "\n",
       "    .dataframe tbody tr th {\n",
       "        vertical-align: top;\n",
       "    }\n",
       "\n",
       "    .dataframe thead th {\n",
       "        text-align: right;\n",
       "    }\n",
       "</style>\n",
       "<table border=\"1\" class=\"dataframe\">\n",
       "  <thead>\n",
       "    <tr style=\"text-align: right;\">\n",
       "      <th></th>\n",
       "      <th>Index</th>\n",
       "      <th>Title</th>\n",
       "      <th>Artist</th>\n",
       "      <th>Top Genre</th>\n",
       "      <th>Year</th>\n",
       "      <th>Beats Per Minute (BPM)</th>\n",
       "      <th>Energy</th>\n",
       "      <th>Danceability</th>\n",
       "      <th>Loudness (dB)</th>\n",
       "      <th>Liveness</th>\n",
       "      <th>Valence</th>\n",
       "      <th>Length (Duration)</th>\n",
       "      <th>Acousticness</th>\n",
       "      <th>Speechiness</th>\n",
       "      <th>Popularity</th>\n",
       "    </tr>\n",
       "  </thead>\n",
       "  <tbody>\n",
       "    <tr>\n",
       "      <th>0</th>\n",
       "      <td>1</td>\n",
       "      <td>Sunrise</td>\n",
       "      <td>Norah Jones</td>\n",
       "      <td>adult standards</td>\n",
       "      <td>2004</td>\n",
       "      <td>157</td>\n",
       "      <td>30</td>\n",
       "      <td>53</td>\n",
       "      <td>-14</td>\n",
       "      <td>11</td>\n",
       "      <td>68</td>\n",
       "      <td>201</td>\n",
       "      <td>94</td>\n",
       "      <td>3</td>\n",
       "      <td>71</td>\n",
       "    </tr>\n",
       "    <tr>\n",
       "      <th>1</th>\n",
       "      <td>2</td>\n",
       "      <td>Black Night</td>\n",
       "      <td>Deep Purple</td>\n",
       "      <td>album rock</td>\n",
       "      <td>2000</td>\n",
       "      <td>135</td>\n",
       "      <td>79</td>\n",
       "      <td>50</td>\n",
       "      <td>-11</td>\n",
       "      <td>17</td>\n",
       "      <td>81</td>\n",
       "      <td>207</td>\n",
       "      <td>17</td>\n",
       "      <td>7</td>\n",
       "      <td>39</td>\n",
       "    </tr>\n",
       "    <tr>\n",
       "      <th>2</th>\n",
       "      <td>3</td>\n",
       "      <td>Clint Eastwood</td>\n",
       "      <td>Gorillaz</td>\n",
       "      <td>alternative hip hop</td>\n",
       "      <td>2001</td>\n",
       "      <td>168</td>\n",
       "      <td>69</td>\n",
       "      <td>66</td>\n",
       "      <td>-9</td>\n",
       "      <td>7</td>\n",
       "      <td>52</td>\n",
       "      <td>341</td>\n",
       "      <td>2</td>\n",
       "      <td>17</td>\n",
       "      <td>69</td>\n",
       "    </tr>\n",
       "    <tr>\n",
       "      <th>3</th>\n",
       "      <td>4</td>\n",
       "      <td>The Pretender</td>\n",
       "      <td>Foo Fighters</td>\n",
       "      <td>alternative metal</td>\n",
       "      <td>2007</td>\n",
       "      <td>173</td>\n",
       "      <td>96</td>\n",
       "      <td>43</td>\n",
       "      <td>-4</td>\n",
       "      <td>3</td>\n",
       "      <td>37</td>\n",
       "      <td>269</td>\n",
       "      <td>0</td>\n",
       "      <td>4</td>\n",
       "      <td>76</td>\n",
       "    </tr>\n",
       "    <tr>\n",
       "      <th>4</th>\n",
       "      <td>5</td>\n",
       "      <td>Waitin' On A Sunny Day</td>\n",
       "      <td>Bruce Springsteen</td>\n",
       "      <td>classic rock</td>\n",
       "      <td>2002</td>\n",
       "      <td>106</td>\n",
       "      <td>82</td>\n",
       "      <td>58</td>\n",
       "      <td>-5</td>\n",
       "      <td>10</td>\n",
       "      <td>87</td>\n",
       "      <td>256</td>\n",
       "      <td>1</td>\n",
       "      <td>3</td>\n",
       "      <td>59</td>\n",
       "    </tr>\n",
       "  </tbody>\n",
       "</table>\n",
       "</div>"
      ],
      "text/plain": [
       "   Index                   Title             Artist            Top Genre  \\\n",
       "0      1                 Sunrise        Norah Jones      adult standards   \n",
       "1      2             Black Night        Deep Purple           album rock   \n",
       "2      3          Clint Eastwood           Gorillaz  alternative hip hop   \n",
       "3      4           The Pretender       Foo Fighters    alternative metal   \n",
       "4      5  Waitin' On A Sunny Day  Bruce Springsteen         classic rock   \n",
       "\n",
       "   Year  Beats Per Minute (BPM)  Energy  Danceability  Loudness (dB)  \\\n",
       "0  2004                     157      30            53            -14   \n",
       "1  2000                     135      79            50            -11   \n",
       "2  2001                     168      69            66             -9   \n",
       "3  2007                     173      96            43             -4   \n",
       "4  2002                     106      82            58             -5   \n",
       "\n",
       "   Liveness  Valence Length (Duration)  Acousticness  Speechiness  Popularity  \n",
       "0        11       68               201            94            3          71  \n",
       "1        17       81               207            17            7          39  \n",
       "2         7       52               341             2           17          69  \n",
       "3         3       37               269             0            4          76  \n",
       "4        10       87               256             1            3          59  "
      ]
     },
     "execution_count": 1,
     "metadata": {},
     "output_type": "execute_result"
    }
   ],
   "source": [
    "import pandas as pd\n",
    "import numpy as np\n",
    "from sklearn import cluster\n",
    "data= pd.read_csv('Spotify-2000.csv')\n",
    "data.head()"
   ]
  },
  {
   "cell_type": "code",
   "execution_count": 2,
   "id": "ded2516d-befe-4a3d-8070-fe9efa923a2d",
   "metadata": {},
   "outputs": [],
   "source": [
    "data = data.drop(\"Index\",axis = 1)"
   ]
  },
  {
   "cell_type": "code",
   "execution_count": 5,
   "id": "5c6039c6-3803-48d3-a910-38b4baabe2bf",
   "metadata": {},
   "outputs": [
    {
     "data": {
      "text/html": [
       "<div>\n",
       "<style scoped>\n",
       "    .dataframe tbody tr th:only-of-type {\n",
       "        vertical-align: middle;\n",
       "    }\n",
       "\n",
       "    .dataframe tbody tr th {\n",
       "        vertical-align: top;\n",
       "    }\n",
       "\n",
       "    .dataframe thead th {\n",
       "        text-align: right;\n",
       "    }\n",
       "</style>\n",
       "<table border=\"1\" class=\"dataframe\">\n",
       "  <thead>\n",
       "    <tr style=\"text-align: right;\">\n",
       "      <th></th>\n",
       "      <th>Year</th>\n",
       "      <th>Beats Per Minute (BPM)</th>\n",
       "      <th>Energy</th>\n",
       "      <th>Danceability</th>\n",
       "      <th>Loudness (dB)</th>\n",
       "      <th>Liveness</th>\n",
       "      <th>Valence</th>\n",
       "      <th>Acousticness</th>\n",
       "      <th>Speechiness</th>\n",
       "      <th>Popularity</th>\n",
       "    </tr>\n",
       "  </thead>\n",
       "  <tbody>\n",
       "    <tr>\n",
       "      <th>Year</th>\n",
       "      <td>1.000000</td>\n",
       "      <td>0.012570</td>\n",
       "      <td>0.147235</td>\n",
       "      <td>0.077493</td>\n",
       "      <td>0.343764</td>\n",
       "      <td>0.019017</td>\n",
       "      <td>-0.166163</td>\n",
       "      <td>-0.132946</td>\n",
       "      <td>0.054097</td>\n",
       "      <td>-0.158962</td>\n",
       "    </tr>\n",
       "    <tr>\n",
       "      <th>Beats Per Minute (BPM)</th>\n",
       "      <td>0.012570</td>\n",
       "      <td>1.000000</td>\n",
       "      <td>0.156644</td>\n",
       "      <td>-0.140602</td>\n",
       "      <td>0.092927</td>\n",
       "      <td>0.016256</td>\n",
       "      <td>0.059653</td>\n",
       "      <td>-0.122472</td>\n",
       "      <td>0.085598</td>\n",
       "      <td>-0.003181</td>\n",
       "    </tr>\n",
       "    <tr>\n",
       "      <th>Energy</th>\n",
       "      <td>0.147235</td>\n",
       "      <td>0.156644</td>\n",
       "      <td>1.000000</td>\n",
       "      <td>0.139616</td>\n",
       "      <td>0.735711</td>\n",
       "      <td>0.174118</td>\n",
       "      <td>0.405175</td>\n",
       "      <td>-0.665156</td>\n",
       "      <td>0.205865</td>\n",
       "      <td>0.103393</td>\n",
       "    </tr>\n",
       "    <tr>\n",
       "      <th>Danceability</th>\n",
       "      <td>0.077493</td>\n",
       "      <td>-0.140602</td>\n",
       "      <td>0.139616</td>\n",
       "      <td>1.000000</td>\n",
       "      <td>0.044235</td>\n",
       "      <td>-0.103063</td>\n",
       "      <td>0.514564</td>\n",
       "      <td>-0.135769</td>\n",
       "      <td>0.125229</td>\n",
       "      <td>0.144344</td>\n",
       "    </tr>\n",
       "    <tr>\n",
       "      <th>Loudness (dB)</th>\n",
       "      <td>0.343764</td>\n",
       "      <td>0.092927</td>\n",
       "      <td>0.735711</td>\n",
       "      <td>0.044235</td>\n",
       "      <td>1.000000</td>\n",
       "      <td>0.098257</td>\n",
       "      <td>0.147041</td>\n",
       "      <td>-0.451635</td>\n",
       "      <td>0.125090</td>\n",
       "      <td>0.165527</td>\n",
       "    </tr>\n",
       "    <tr>\n",
       "      <th>Liveness</th>\n",
       "      <td>0.019017</td>\n",
       "      <td>0.016256</td>\n",
       "      <td>0.174118</td>\n",
       "      <td>-0.103063</td>\n",
       "      <td>0.098257</td>\n",
       "      <td>1.000000</td>\n",
       "      <td>0.050667</td>\n",
       "      <td>-0.046206</td>\n",
       "      <td>0.092594</td>\n",
       "      <td>-0.111978</td>\n",
       "    </tr>\n",
       "    <tr>\n",
       "      <th>Valence</th>\n",
       "      <td>-0.166163</td>\n",
       "      <td>0.059653</td>\n",
       "      <td>0.405175</td>\n",
       "      <td>0.514564</td>\n",
       "      <td>0.147041</td>\n",
       "      <td>0.050667</td>\n",
       "      <td>1.000000</td>\n",
       "      <td>-0.239729</td>\n",
       "      <td>0.107102</td>\n",
       "      <td>0.095911</td>\n",
       "    </tr>\n",
       "    <tr>\n",
       "      <th>Acousticness</th>\n",
       "      <td>-0.132946</td>\n",
       "      <td>-0.122472</td>\n",
       "      <td>-0.665156</td>\n",
       "      <td>-0.135769</td>\n",
       "      <td>-0.451635</td>\n",
       "      <td>-0.046206</td>\n",
       "      <td>-0.239729</td>\n",
       "      <td>1.000000</td>\n",
       "      <td>-0.098256</td>\n",
       "      <td>-0.087604</td>\n",
       "    </tr>\n",
       "    <tr>\n",
       "      <th>Speechiness</th>\n",
       "      <td>0.054097</td>\n",
       "      <td>0.085598</td>\n",
       "      <td>0.205865</td>\n",
       "      <td>0.125229</td>\n",
       "      <td>0.125090</td>\n",
       "      <td>0.092594</td>\n",
       "      <td>0.107102</td>\n",
       "      <td>-0.098256</td>\n",
       "      <td>1.000000</td>\n",
       "      <td>0.111689</td>\n",
       "    </tr>\n",
       "    <tr>\n",
       "      <th>Popularity</th>\n",
       "      <td>-0.158962</td>\n",
       "      <td>-0.003181</td>\n",
       "      <td>0.103393</td>\n",
       "      <td>0.144344</td>\n",
       "      <td>0.165527</td>\n",
       "      <td>-0.111978</td>\n",
       "      <td>0.095911</td>\n",
       "      <td>-0.087604</td>\n",
       "      <td>0.111689</td>\n",
       "      <td>1.000000</td>\n",
       "    </tr>\n",
       "  </tbody>\n",
       "</table>\n",
       "</div>"
      ],
      "text/plain": [
       "                            Year  Beats Per Minute (BPM)    Energy  \\\n",
       "Year                    1.000000                0.012570  0.147235   \n",
       "Beats Per Minute (BPM)  0.012570                1.000000  0.156644   \n",
       "Energy                  0.147235                0.156644  1.000000   \n",
       "Danceability            0.077493               -0.140602  0.139616   \n",
       "Loudness (dB)           0.343764                0.092927  0.735711   \n",
       "Liveness                0.019017                0.016256  0.174118   \n",
       "Valence                -0.166163                0.059653  0.405175   \n",
       "Acousticness           -0.132946               -0.122472 -0.665156   \n",
       "Speechiness             0.054097                0.085598  0.205865   \n",
       "Popularity             -0.158962               -0.003181  0.103393   \n",
       "\n",
       "                        Danceability  Loudness (dB)  Liveness   Valence  \\\n",
       "Year                        0.077493       0.343764  0.019017 -0.166163   \n",
       "Beats Per Minute (BPM)     -0.140602       0.092927  0.016256  0.059653   \n",
       "Energy                      0.139616       0.735711  0.174118  0.405175   \n",
       "Danceability                1.000000       0.044235 -0.103063  0.514564   \n",
       "Loudness (dB)               0.044235       1.000000  0.098257  0.147041   \n",
       "Liveness                   -0.103063       0.098257  1.000000  0.050667   \n",
       "Valence                     0.514564       0.147041  0.050667  1.000000   \n",
       "Acousticness               -0.135769      -0.451635 -0.046206 -0.239729   \n",
       "Speechiness                 0.125229       0.125090  0.092594  0.107102   \n",
       "Popularity                  0.144344       0.165527 -0.111978  0.095911   \n",
       "\n",
       "                        Acousticness  Speechiness  Popularity  \n",
       "Year                       -0.132946     0.054097   -0.158962  \n",
       "Beats Per Minute (BPM)     -0.122472     0.085598   -0.003181  \n",
       "Energy                     -0.665156     0.205865    0.103393  \n",
       "Danceability               -0.135769     0.125229    0.144344  \n",
       "Loudness (dB)              -0.451635     0.125090    0.165527  \n",
       "Liveness                   -0.046206     0.092594   -0.111978  \n",
       "Valence                    -0.239729     0.107102    0.095911  \n",
       "Acousticness                1.000000    -0.098256   -0.087604  \n",
       "Speechiness                -0.098256     1.000000    0.111689  \n",
       "Popularity                 -0.087604     0.111689    1.000000  "
      ]
     },
     "execution_count": 5,
     "metadata": {},
     "output_type": "execute_result"
    }
   ],
   "source": [
    "num_data = data.select_dtypes(include = np.number)\n",
    "num_data.corr()"
   ]
  },
  {
   "cell_type": "code",
   "execution_count": null,
   "id": "206a2757-c044-406c-bef7-4551450e90d2",
   "metadata": {},
   "outputs": [],
   "source": [
    "data2 =data[[Beats Per Minute (BPM)\", \"Loudness (dB)\", \n",
    "              \"Liveness\", \"Valence\", \"Acousticness\", \n",
    "              \"Speechiness\"']]"
   ]
  }
 ],
 "metadata": {
  "kernelspec": {
   "display_name": "Python 3 (ipykernel)",
   "language": "python",
   "name": "python3"
  },
  "language_info": {
   "codemirror_mode": {
    "name": "ipython",
    "version": 3
   },
   "file_extension": ".py",
   "mimetype": "text/x-python",
   "name": "python",
   "nbconvert_exporter": "python",
   "pygments_lexer": "ipython3",
   "version": "3.12.4"
  }
 },
 "nbformat": 4,
 "nbformat_minor": 5
}
